191.027496	0.820453	1.907843
192.613373	0.835722	1.947665
194.199341	0.851782	1.987201
195.78537	0.868636	2.026478
197.371429	0.886291	2.065522
198.957581	0.904756	2.104356
200.543777	0.924042	2.142997
202.130035	0.944165	2.181461
203.716339	0.965141	2.219762
205.302734	0.986988	2.257908
206.88916	1.009728	2.295908
208.475632	1.033383	2.333764
210.06218	1.057979	2.371478
211.648773	1.08354	2.409049
213.235443	1.110096	2.446472
214.822144	1.137674	2.483738
216.408905	1.166308	2.520837
217.995728	1.196027	2.557754
219.582596	1.226867	2.594472
221.169525	1.258862	2.630969
222.7565	1.292045	2.667218
224.343536	1.326455	2.703192
225.930588	1.362127	2.738856
227.517731	1.399098	2.774173
229.104904	1.437406	2.809098
230.692139	1.477087	2.843585
232.279388	1.518176	2.877578
233.86673	1.56071	2.911022
235.454102	1.604721	2.943851
237.041534	1.650242	2.975995
238.628983	1.697299	3.007377
240.216507	1.745921	3.037915
241.804047	1.796128	3.067519
243.391647	1.847937	3.096094
244.979294	1.90136	3.123539
246.566986	1.956401	3.149746
248.154739	2.013059	3.174599
249.742508	2.071322	3.19798
251.330322	2.131169	3.219762
252.918182	2.192571	3.239816
254.506104	2.255483	3.258009
256.094055	2.31985	3.274203
257.682037	2.385604	3.288261
259.270081	2.452661	3.300046
260.858124	2.52092	3.309419
262.446228	2.590268	3.316248
264.034363	2.660572	3.320405
265.622559	2.731685	3.32177
267.210754	2.803443	3.320231
268.799011	2.875668	3.31569
270.387329	2.948165	3.308064
271.975647	3.020726	3.297285
273.564026	3.093133	3.283305
275.152405	3.165161	3.266098
276.740845	3.236573	3.245659
278.329315	3.307132	3.222006
279.917816	3.376601	3.195186
281.506348	3.444743	3.165267
283.09491	3.511331	3.132342
284.683533	3.576143	3.096531
286.272156	3.638973	3.057975
287.860779	3.699631	3.016834
289.449493	3.757944	2.973288
291.038208	3.813759	2.927532
292.626953	3.866947	2.879777
294.215729	3.917402	2.830239
295.804535	3.965041	2.779141
297.393372	4.009807	2.726712
298.982239	4.051664	2.673177
300.571106	4.090602	2.618761
302.160004	4.12663	2.56368
303.748962	4.15978	2.508143
305.337921	4.190097	2.45235
306.92691	4.217647	2.396488
308.51593	4.242507	2.340732
310.10495	4.264767	2.285242
311.694	4.284525	2.230164
313.283081	4.301889	2.175628
314.872192	4.316972	2.121753
316.461304	4.329887	2.068641
318.050446	4.340755	2.016382
319.639618	4.349694	1.965049
321.22879	4.356822	1.914709
322.817993	4.362256	1.865412
324.407227	4.36611	1.817201
325.99646	4.368496	1.770109
327.585724	4.369521	1.724156
329.174988	4.369288	1.679361
330.764282	4.367895	1.63573
332.353577	4.365437	1.593266
333.942932	4.362001	1.55E+00
335.532257	4.357673	1.51E+00
337.121613	4.35253	1.47E+00
338.710968	4.346648	1.43E+00
340.300354	4.340096	1.40E+00
341.88974	4.332938	1.36E+00
343.479156	4.325234	1.33E+00
345.068542	4.317041	1.29E+00
346.65799	4.308411	1.26E+00
348.247437	4.299391	1.23E+00
349.836853	4.290028	1.20E+00
351.426331	4.28036	1.17E+00
353.015808	4.270427	1.14E+00
354.605286	4.260262	1.11E+00
356.194763	4.249899	1.09E+00
357.784241	4.239367	1.06E+00
359.373749	4.228693	1.03E+00
360.963287	4.2179	1.01E+00
362.552795	4.207012	9.86E-01
364.142303	4.19605	9.63E-01
365.731842	4.185031	9.41E-01
367.32135	4.173974	9.19E-01
368.910889	4.162894	8.98E-01
370.500427	4.151804	8.78E-01
372.089996	4.140718	8.58E-01
373.679504	4.129649	8.38E-01
375.269073	4.118604	8.20E-01
376.858612	4.107595	8.01E-01
378.448181	4.09663	7.84E-01
380.03772	4.085716	7.67E-01
381.627258	4.074861	7.50E-01
383.216827	4.06407	0.733885
384.806335	4.053349	0.718167
386.395905	4.042703	0.702888
387.985443	4.032136	0.688035
389.575012	4.021652	0.67359
391.16452	4.011255	0.659542
392.754059	4.000947	0.645875
394.343567	3.99073	0.632577
395.933105	3.980607	0.619635
397.522644	3.97058	0.607036
399.112152	3.96065	0.59477
400.70166	3.950818	0.582824
402.291168	3.941086	0.571189
403.880676	3.931453	0.559853
405.470154	3.921922	0.548807
407.059631	3.912492	0.538042
408.649109	3.903163	0.527547
410.238586	3.893935	0.517314
411.827972	3.884809	0.507334
413.417419	3.875784	0.4976
415.006897	3.866859	0.488103
416.596283	3.858035	0.478836
418.185699	3.849311	0.469792
419.775085	3.840686	0.460963
421.364441	3.83216	0.452343
422.953857	3.823731	0.443925
424.543152	3.815401	0.435703
426.132507	3.807166	0.427671
427.721832	3.799026	0.419823
429.311127	3.790981	0.412154
430.900452	3.78303	0.404658
432.489746	3.775171	0.39733
434.07901	3.767404	0.390166
435.668213	3.759727	0.383159
437.257416	3.75214	0.376307
438.846619	3.744641	0.369603
440.435852	3.737229	0.363044
442.024994	3.729904	0.356626
443.614166	3.722664	0.350345
445.203278	3.715509	0.344197
446.792389	3.708436	0.338178
448.381439	3.701445	0.332284
449.97052	3.694535	0.326512
451.559509	3.687705	0.32086
453.148529	3.680953	0.315322
454.737549	3.674279	0.309897
456.326508	3.667681	0.304582
457.915436	3.661159	0.299373
459.504333	3.654711	0.294267
461.093201	3.648336	0.289263
462.682068	3.642034	0.284356
464.270935	3.635803	0.279546
465.859711	3.629642	0.274828
467.448486	3.62355	0.270202
469.037262	3.617527	0.265664
470.625977	3.61157	0.261212
472.214661	3.60568	0.256845
473.803314	3.599855	0.252559
475.391937	3.594094	0.248354
476.98056	3.588397	0.244227
478.569153	3.582762	0.240176
480.157654	3.577188	0.236199
481.746155	3.571676	0.232295
483.334625	3.566222	0.228461
484.923035	3.560828	0.224697
486.511475	3.555492	0.221001
488.099792	3.550213	0.21737
489.688141	3.54499	0.213804
491.276459	3.539822	0.2103
492.864685	3.534709	0.206859
494.452942	3.52965	0.203477
496.041107	3.524644	0.200154
497.629242	3.519691	0.196889
499.217377	3.514788	0.193679
500.80542	3.509937	0.190525
502.393463	3.505136	0.187424
503.981445	3.500384	0.184376
505.569397	3.49568	0.18138
507.157318	3.491025	0.178433
508.745178	3.486416	0.175536
510.333008	3.481855	0.172687
511.920807	3.477339	0.169885
513.508484	3.472868	0.16713
515.096191	3.468442	0.164419
516.683838	3.46406	0.161753
518.271484	3.459721	0.15913
519.859009	3.455424	0.15655
521.446533	3.45117	0.154011
523.033997	3.446958	0.151514
524.62146	3.442786	0.149056
526.208801	3.438655	0.146637
527.796143	3.434563	0.144257
529.383423	3.430511	0.141914
530.970642	3.426497	0.139609
532.5578	3.422522	0.137339
534.144897	3.418584	0.135105
535.732056	3.414683	0.132906
537.319031	3.410819	0.130741
538.906006	3.406991	0.12861
540.492981	3.403199	0.126512
542.079834	3.399442	0.124445
543.666626	3.395719	0.122411
545.253418	3.392031	0.120407
546.840149	3.388376	0.118435
548.426758	3.384755	0.116492
550.013367	3.381167	0.114578
551.599915	3.377611	0.112694
553.186401	3.374087	0.110838
554.772827	3.370595	0.10901
556.359253	3.367134	0.107209
557.945557	3.363704	0.105435
559.531799	3.360304	0.103687
561.118042	3.356934	0.101966
562.704163	3.353594	0.10027
564.290222	3.350283	0.098599
565.876282	3.347	0.096953
567.462219	3.343747	0.095332
569.048096	3.340521	0.093734
570.633911	3.337323	0.092159
572.219727	3.334153	0.090608
573.80542	3.33101	0.089079
575.391052	3.327893	0.087573
576.976685	3.324803	0.086088
578.562195	3.321739	0.084626
580.147644	3.318701	0.083184
581.733032	3.315688	0.081763
583.318359	3.3127	0.080363
584.903625	3.309737	0.078984
586.488831	3.306799	0.077624
588.073914	3.303885	0.076284
589.658997	3.300995	0.074963
591.244019	3.298129	0.073661
592.828918	3.295286	0.072378
594.413696	3.292467	0.071113
595.998535	3.28967	0.069867
597.583252	3.286895	0.068638
599.167847	3.284143	0.067427
600.752441	3.281414	0.066234
602.336914	3.278705	0.065057
603.921326	3.276019	0.063898
605.505676	3.273354	0.062755
607.089966	3.27071	0.061628
608.674194	3.268086	0.060518
610.258301	3.265484	0.059423
611.842346	3.262902	0.058344
613.426331	3.260339	0.05728
615.010193	3.257797	0.056232
616.593994	3.255275	0.055199
618.177734	3.252772	0.05418
619.761414	3.250288	0.053177
621.345032	3.247824	0.052187
622.928528	3.245378	0.051212
624.511902	3.242951	0.050251
626.095276	3.240542	0.049303
627.678528	3.238152	0.048369
629.261719	3.23578	0.047449
630.844849	3.233425	0.046541
632.427856	3.231089	0.045647
634.010803	3.22877	0.044766
635.593628	3.226468	0.043898
637.176392	3.224183	0.043042
638.759094	3.221915	0.042198
640.341675	3.219665	0.041367
641.924194	3.21743	0.040548
643.506653	3.215212	0.03974
645.088989	3.213011	0.038945
646.671265	3.210825	0.038161
648.253418	3.208656	0.037389
649.83551	3.206502	0.036628
651.41748	3.204365	0.035878
652.99939	3.202242	0.035139
654.581177	3.200135	0.034411
656.162964	3.198043	0.033694
657.744568	3.195966	0.032987
659.326111	3.193904	0.032291
660.907593	3.191857	0.031606
662.488892	3.189825	0.03093
664.07019	3.187807	0.030265
665.651367	3.185803	0.02961
667.232483	3.183814	0.028965
668.813416	3.181839	0.028329
670.394348	3.179877	0.027703
671.975159	3.17793	0.027087
673.555847	3.175996	0.02648
675.136414	3.174075	0.025882
676.716919	3.172169	0.025294
678.297363	3.170275	0.024715
679.877686	3.168395	0.024145
681.457886	3.166528	0.023583
683.038025	3.164674	0.023031
684.618042	3.162832	0.022487
686.197937	3.161004	0.021952
687.777771	3.159188	0.021425
689.357483	3.157385	0.020907
690.937134	3.155594	0.020397
692.516602	3.153816	0.019895
694.096069	3.152049	0.019402
695.675354	3.150295	0.018916
697.254517	3.148553	0.018439
698.833618	3.146822	0.017969
700.412659	3.145104	0.017507
701.991577	3.143398	0.017053
703.570313	3.141702	0.016606
705.148987	3.140019	0.016167
706.7276	3.138347	0.015736
708.30603	3.136686	0.015312
709.884399	3.135037	0.014895
711.462646	3.133399	0.014485
713.040771	3.131772	0.014083
714.618774	3.130156	0.013688
716.196716	3.128551	0.013299
717.774536	3.126956	0.012918
719.352234	3.125373	0.012543
720.92981	3.1238	0.012176
722.507324	3.122238	0.011815
724.084717	3.120686	0.01146
725.661987	3.119145	0.011113
727.239136	3.117614	0.010771
728.816101	3.116093	0.010437
730.393005	3.114583	0.010108
731.969849	3.113083	0.009786
733.546509	3.111593	0.009471
735.123108	3.110113	0.009161
736.699524	3.108643	0.008858
738.275879	3.107183	0.008561
739.852051	3.105732	0.008269
741.428162	3.104292	0.007984
743.00415	3.102861	0.007705
744.580017	3.101439	0.007431
746.155762	3.100028	0.007164
747.731323	3.098626	0.006902
749.306885	3.097233	0.006646
750.882202	3.09585	0.006395
752.45752	3.094476	0.00615
754.032593	3.093111	0.005911
755.607666	3.091755	0.005677
757.182495	3.090409	0.005448
758.757324	3.089072	0.005225
760.331909	3.087744	0.005007
761.906433	3.086425	0.004795
763.480835	3.085115	0.004588
765.055115	3.083814	0.004386
766.629272	3.082521	0.004189
768.203247	3.081238	0.003997
769.777161	3.079963	0.00381
771.350952	3.078698	0.003629
772.9245	3.077441	0.003452
774.498047	3.076192	0.00328
776.071411	3.074952	0.003113
777.644653	3.073721	0.002951
779.217773	3.072498	0.002794
780.79071	3.071284	0.002641
782.363586	3.070078	0.002493
783.936279	3.068881	0.00235
785.508911	3.067692	0.002212
787.081299	3.066511	0.002078
788.653625	3.065339	0.001948
790.22583	3.064175	0.001824
791.797852	3.06302	0.001703
793.369751	3.061872	0.001587
794.941528	3.060734	0.001476
796.513184	3.059603	0.001369
798.084717	3.05848	0.001266
799.656067	3.057366	0.001167
801.227295	3.056259	0.001073
802.798401	3.055161	0.000983
804.369324	3.054071	0.000897
805.940125	3.05299	0.000815
807.510803	3.051916	0.000737
809.08136	3.050851	0.000664
810.651733	3.049793	0.000594
812.221985	3.048744	0.000529
813.792114	3.047703	0.000467
815.362061	3.04667	0.00041
816.931885	3.045645	0.000356
818.501587	3.044628	0.000306
820.071106	3.04362	0.000261
821.640442	3.042619	0.000219
823.209778	3.041627	0.00018
824.778809	3.040644	0.000146
826.347778	3.039669	0.000115
827.916626	3.038702	0.000088
829.485229	3.037743	0.000065
831.053711	3.036794	0.000045
832.62207	3.035853	0.000029
834.190308	3.034921	0.000016
835.758423	3.033998	0.000007
837.326294	3.033085	0.000002
838.894043	3.032182	0
840.461731	3.031291	0
842.029175	3.030411	0
843.596497	3.02954	0
845.163574	3.028678	0
846.730652	3.027824	0
848.297485	3.026978	0
849.864136	3.02614	0
851.430786	3.02531	0
852.99707	3.024487	0
854.563354	3.023672	0
856.129395	3.022864	0
857.695313	3.022063	0
859.261108	3.021268	0
860.826782	3.02048	0
862.392212	3.019699	0
863.957397	3.018924	0
865.522583	3.018156	0
867.087585	3.017393	0
868.652344	3.016637	0
870.21698	3.015887	0
871.781555	3.015143	0
873.345825	3.014405	0
874.910034	3.013672	0
876.473999	3.012945	0
878.037903	3.012224	0
879.601563	3.011508	0
881.165039	3.010798	0
882.728394	3.010093	0
884.291626	3.009393	0
885.854614	3.008699	0
887.41748	3.00801	0
888.980164	3.007325	0
890.542664	3.006646	0
892.10498	3.005972	0
893.667175	3.005303	0
895.229187	3.004638	0
896.791016	3.003978	0
898.352722	3.003324	0
899.914185	3.002673	0
901.475464	3.002028	0
903.036743	3.001386	0
904.597656	3.00075	0
906.158508	3.000118	0
907.719116	2.99949	0
909.279602	2.998866	0
910.839844	2.998247	0
912.400024	2.997632	0
913.959961	2.997022	0
915.519714	2.996415	0
917.079285	2.995813	0
918.638672	2.995214	0
920.197937	2.99462	0
921.757019	2.99403	0
923.315918	2.993444	0
924.874634	2.992861	0
926.433105	2.992283	0
927.991394	2.991708	0
929.549622	2.991137	0
931.107605	2.99057	0
932.665405	2.990006	0
934.223022	2.989447	0
935.780457	2.988891	0
937.337708	2.988338	0
938.894714	2.987789	0
940.45166	2.987244	0
942.008301	2.986702	0
943.564819	2.986163	0
945.121216	2.985628	0
946.677368	2.985097	0
948.233276	2.984568	0
949.789063	2.984043	0
951.344604	2.983522	0
952.900024	2.983003	0
954.455261	2.982488	0
956.010254	2.981976	0
957.565063	2.981468	0
959.119751	2.980962	0
960.674133	2.98046	0
962.228394	2.97996	0
963.782532	2.979464	0
965.336304	2.978971	0
966.890015	2.97848	0
968.443481	2.977993	0
969.996765	2.977509	0
971.549927	2.977027	0
973.102844	2.976549	0
974.655457	2.976073	0
976.208008	2.9756	0
977.760376	2.975131	0
979.312378	2.974663	0
980.86438	2.974199	0
982.416016	2.973737	0
983.96759	2.973279	0
985.518921	2.972822	0
987.070007	2.972369	0
988.620911	2.971918	0
990.171692	2.97147	0
991.722168	2.971025	0
993.272461	2.970582	0
994.822632	2.970141	0
996.372559	2.969703	0
997.922241	2.969268	0
999.471802	2.968835	0
