191	2.3917	0.8655
193	2.3847	0.888
194	2.3798	0.91
196	2.3769	0.9313
197	2.3758	0.9519
199	2.3765	0.9718
201	2.3789	0.991
202	2.3827	1.0095
204	2.388	1.0273
205	2.3946	1.0442
207	2.4025	1.0604
208	2.4115	1.0758
210	2.4217	1.0904
212	2.4328	1.1042
213	2.445	1.1172
215	2.458	1.1293
216	2.4719	1.1407
218	2.4866	1.1512
220	2.502	1.1608
221	2.5181	1.1696
223	2.5347	1.1776
224	2.552	1.1847
226	2.5698	1.1909
228	2.5881	1.1963
229	2.6069	1.2009
231	2.626	1.2046
232	2.6455	1.2074
234	2.6653	1.2094
235	2.6854	1.2105
237	2.7058	1.2108
239	2.7263	1.2102
240	2.747	1.2088
242	2.7679	1.2065
243	2.7888	1.2034
245	2.8098	1.1995
247	2.8308	1.1947
248	2.8518	1.1891
250	2.8728	1.1826
251	2.8937	1.1753
253	2.9144	1.1673
255	2.935	1.1584
256	2.9555	1.1487
258	2.9757	1.1383
259	2.9957	1.127
261	3.0154	1.115
262	3.0348	1.1023
264	3.0538	1.0888
266	3.0725	1.0747
267	3.0908	1.0598
269	3.1086	1.0442
270	3.126	1.028
272	3.1429	1.0111
274	3.1593	0.9936
275	3.1751	0.9755
277	3.1904	0.9568
278	3.205	0.9375
280	3.219	0.9177
282	3.2324	0.8974
283	3.2451	0.8767
285	3.2571	0.8555
286	3.2684	0.8338
288	3.279	0.8118
289	3.2888	0.7895
291	3.2978	0.7668
293	3.306	0.7438
294	3.3135	0.7205
296	3.3201	0.6971
297	3.3259	0.6734
299	3.3308	0.6497
301	3.335	0.6258
302	3.3382	0.6018
304	3.3406	0.5778
305	3.3422	0.5539
307	3.3429	0.53
309	3.3427	0.5061
310	3.3417	0.4824
312	3.3398	0.4589
313	3.3371	0.4356
315	3.3335	0.4125
316	3.3292	0.3898
318	3.324	0.3673
320	3.318	0.3453
321	3.3113	0.3236
323	3.3038	0.3024
324	3.2956	0.2816
326	3.2866	0.2614
328	3.277	0.2418
329	3.2667	0.2227
331	3.2558	0.2042
332	3.2442	0.1864
334	3.2321	0.1693
336	3.2195	0.1529
337	3.2063	0.1372
339	3.1927	0.1223
340	3.1785	0.1082
342	3.1639	0.0949
343	3.1487	0.0824
345	3.1328	0.0712
347	3.1167	0.0615
348	3.1009	0.0533
350	3.0855	0.0462
351	3.0706	0.0401
353	3.0563	0.0348
355	3.0424	0.0303
356	3.0292	0.0264
358	3.0165	0.023
359	3.0043	0.0201
361	2.9926	0.0176
363	2.9814	0.0154
364	2.9707	0.0135
366	2.9604	0.0118
367	2.9505	0.0104
369	2.941	0.0091
371	2.9319	0.008
372	2.9232	0.0071
374	2.9147	0.0062
375	2.9066	0.0055
377	2.8988	0.0048
378	2.8913	0.0043
380	2.8841	0.0038
382	2.8771	0.0034
383	2.8703	0.003
385	2.8637	0.0026
386	2.8574	0.0023
388	2.8513	0.0021
390	2.8454	0.0019
391	2.8396	0.0017
393	2.8341	0.0015
394	2.8286	0.0013
396	2.8234	0.0012
398	2.8183	0.0011
399	2.8134	0.0009
401	2.8085	0.0008
402	2.8038	0.0008
404	2.7993	0.0007
405	2.7949	0.0006
407	2.7905	0.0005
409	2.7863	0.0005
410	2.7822	0.0004
412	2.7782	0.0004
413	2.7743	0.0004
415	2.7705	0.0003
417	2.7668	0.0003
418	2.7631	0.0003
420	2.7596	0.0002
421	2.7561	0.0002
423	2.7527	0.0002
425	2.7494	0.0002
426	2.7461	0.0002
428	2.743	0.0001
429	2.7399	0.0001
431	2.7368	0.0001
432	2.7339	0.0001
434	2.7309	0.0001
436	2.7281	0.0001
437	2.7253	0.0001
439	2.7226	0.0001
440	2.7199	0.0001
442	2.7173	0.0001
444	2.7147	0.0001
445	2.7121	0.0001
447	2.7097	0
448	2.7072	0
450	2.7049	0
452	2.7025	0
453	2.7002	0
455	2.698	0
456	2.6958	0
458	2.6936	0
460	2.6915	0
461	2.6894	0
463	2.6873	0
464	2.6853	0
466	2.6833	0
467	2.6814	0
469	2.6794	0
471	2.6776	0
472	2.6757	0
474	2.6739	0
475	2.6721	0
477	2.6704	0
479	2.6686	0
480	2.6669	0
482	2.6653	0
483	2.6636	0
485	2.662	0
487	2.6604	0
488	2.6589	0
490	2.6573	0
491	2.6558	0
493	2.6543	0
494	2.6529	0
496	2.6514	0
498	2.65	0
499	2.6486	0
501	2.6473	0
502	2.6459	0
504	2.6446	0
506	2.6433	0
507	2.642	0
509	2.6407	0
510	2.6395	0
512	2.6383	0
514	2.6371	0
515	2.6359	0
517	2.6347	0
518	2.6335	0
520	2.6324	0
521	2.6313	0
523	2.6302	0
525	2.6291	0
526	2.628	0
528	2.627	0
529	2.626	0
531	2.6249	0
533	2.6239	0
534	2.623	0
536	2.622	0
537	2.621	0
539	2.6201	0
540	2.6191	0
542	2.6182	0
544	2.6173	0
545	2.6164	0
547	2.6156	0
548	2.6147	0
550	2.6139	0
552	2.613	0
553	2.6122	0
555	2.6114	0
556	2.6106	0
558	2.6098	0
560	2.609	0
561	2.6083	0
563	2.6075	0
564	2.6068	0
566	2.606	0
567	2.6053	0
569	2.6046	0
571	2.6039	0
572	2.6032	0
574	2.6025	0
575	2.6019	0
577	2.6012	0
579	2.6006	0
580	2.5999	0
582	2.5993	0
583	2.5987	0
585	2.5981	0
586	2.5975	0
588	2.5969	0
590	2.5963	0
591	2.5957	0
593	2.5952	0
594	2.5946	0
596	2.5941	0
598	2.5935	0
599	2.593	0
601	2.5925	0
602	2.592	0
604	2.5915	0
606	2.591	0
607	2.5905	0
609	2.59	0
610	2.5895	0
612	2.589	0
613	2.5886	0
615	2.5881	0
617	2.5877	0
618	2.5872	0
620	2.5868	0
621	2.5864	0
623	2.586	0
625	2.5856	0
626	2.5852	0
628	2.5848	0
629	2.5844	0
631	2.584	0
632	2.5836	0
634	2.5832	0
636	2.5829	0
637	2.5825	0
639	2.5822	0
640	2.5818	0
642	2.5815	0
644	2.5811	0
645	2.5808	0
647	2.5805	0
648	2.5802	0
650	2.5799	0
651	2.5796	0
653	2.5793	0
655	2.579	0
656	2.5787	0
658	2.5784	0
659	2.5781	0
661	2.5778	0
662	2.5776	0
664	2.5773	0
666	2.577	0
667	2.5768	0
669	2.5765	0
670	2.5763	0
672	2.5761	0
674	2.5758	0
675	2.5756	0
677	2.5754	0
678	2.5752	0
680	2.5749	0
681	2.5747	0
683	2.5745	0
685	2.5743	0
686	2.5741	0
688	2.5739	0
689	2.5738	0
691	2.5736	0
693	2.5734	0
694	2.5732	0
696	2.5731	0
697	2.5729	0
699	2.5727	0
700	2.5726	0
702	2.5724	0
704	2.5723	0
705	2.5721	0
707	2.572	0
708	2.5718	0
710	2.5717	0
711	2.5716	0
713	2.5714	0
715	2.5713	0
716	2.5712	0
718	2.5711	0
719	2.571	0
721	2.5709	0
723	2.5708	0
724	2.5707	0
726	2.5706	0
727	2.5705	0
729	2.5704	0
730	2.5703	0
732	2.5702	0
734	2.5701	0
735	2.5701	0
737	2.57	0
738	2.5699	0
740	2.5698	0
741	2.5698	0
743	2.5697	0
745	2.5697	0
746	2.5696	0
748	2.5696	0
749	2.5695	0
751	2.5695	0
752	2.5694	0
754	2.5694	0
756	2.5694	0
757	2.5693	0
759	2.5693	0
760	2.5693	0
762	2.5692	0
763	2.5692	0
765	2.5692	0
767	2.5692	0
768	2.5692	0
770	2.5692	0
771	2.5692	0
773	2.5692	0
774	2.5692	0
776	2.5692	0
778	2.5692	0
779	2.5692	0
781	2.5692	0
782	2.5692	0
784	2.5692	0
786	2.5692	0
787	2.5692	0
789	2.5693	0
790	2.5693	0
792	2.5693	0
793	2.5693	0
795	2.5694	0
797	2.5694	0
798	2.5695	0
800	2.5695	0
801	2.5695	0
803	2.5696	0
804	2.5696	0
806	2.5697	0
808	2.5697	0
809	2.5698	0
811	2.5698	0
812	2.5699	0
814	2.57	0
815	2.57	0
817	2.5701	0
819	2.5702	0
820	2.5702	0
822	2.5703	0
823	2.5704	0
825	2.5705	0
826	2.5705	0
828	2.5706	0
829	2.5707	0
831	2.5708	0
833	2.5709	0
834	2.571	0
836	2.5711	0
837	2.5711	0
839	2.5712	0
840	2.5713	0
842	2.5714	0
844	2.5715	0
845	2.5716	0
847	2.5718	0
848	2.5719	0
850	2.572	0
851	2.5721	0
853	2.5722	0
855	2.5723	0
856	2.5724	0
858	2.5725	0
859	2.5727	0
861	2.5728	0
862	2.5729	0
864	2.573	0
866	2.5732	0
867	2.5733	0
869	2.5734	0
870	2.5736	0
872	2.5737	0
873	2.5738	0
875	2.574	0
876	2.5741	0
878	2.5743	0
880	2.5744	0
881	2.5746	0
883	2.5747	0
884	2.5749	0
886	2.575	0
887	2.5752	0
889	2.5753	0
891	2.5755	0
892	2.5756	0
894	2.5758	0
895	2.576	0
897	2.5761	0
898	2.5763	0
900	2.5765	0
901	2.5766	0
903	2.5768	0
905	2.577	0
906	2.5771	0
908	2.5773	0
909	2.5775	0
911	2.5777	0
912	2.5778	0
914	2.578	0
916	2.5782	0
917	2.5784	0
919	2.5786	0
920	2.5788	0
922	2.579	0
923	2.5791	0
925	2.5793	0
926	2.5795	0
928	2.5797	0
930	2.5799	0
931	2.5801	0
933	2.5803	0
934	2.5805	0
936	2.5807	0
937	2.5809	0
939	2.5811	0
940	2.5813	0
942	2.5815	0
944	2.5817	0
945	2.582	0
947	2.5822	0
948	2.5824	0
950	2.5826	0
951	2.5828	0
953	2.583	0
954	2.5832	0
956	2.5835	0
958	2.5837	0
959	2.5839	0
961	2.5841	0
962	2.5844	0
964	2.5846	0
965	2.5848	0
967	2.585	0
968	2.5853	0
970	2.5855	0
972	2.5857	0
973	2.586	0
975	2.5862	0
976	2.5864	0
978	2.5867	0
979	2.5869	0
981	2.5872	0
982	2.5874	0
984	2.5876	0
986	2.5879	0
987	2.5881	0
989	2.5884	0
990	2.5886	0
992	2.5889	0
993	2.5891	0
995	2.5894	0
996	2.5896	0
998	2.5899	0
999	2.5901	0
1001	2.5904	0
